14 // Number of waterlines
53 // Number of stations
1 // Read deckline
1 // Read contour
1 // Read aft contour
1 // Read forward contour
0 // Read flat of bottom
120,700 // Length
19,000 // Beam
7,500 // Draft
         1,000    2,000    3,000    4,000    5,000    6,000    7,000    8,000    9,000    10,000   11,000   12,000   13,000   14,000  
         8,533    5,866    4,833    6,103    5,920    2,463    -1,948   -4,111   -4,271   -4,420   -4,574   -4,735   -4,900   -5,064  
-5,0000  0,0000   0,0000   0,0000   0,0000   0,0000   0,0000   0,0000   0,0000   0,0000   0,0000   0,0000   0,0000   0,0000   8,0263   15,000   8,070    13,608  
-2,5000  0,0000   0,0000   0,0000   0,0000   0,0000   0,0000   0,0000   4,8837   6,7820   7,7154   8,2131   8,4628   8,6037   8,6412   15,000   8,670    7,133   
0,0000   0,0000   0,0000   0,0000   0,0000   0,0000   0,0000   3,9408   6,6454   7,8556   8,5115   8,8432   8,9840   9,0449   9,0630   15,000   9,081    6,558   
2,5000   0,0000   0,0000   0,0000   0,0000   0,0000   0,1811   5,9355   7,6337   8,5150   8,9979   9,2111   9,3043   9,3246   9,3358   15,000   9,347    5,991   
5,0000   0,0000   0,0000   0,0694   0,0000   0,0000   4,5869   7,1964   8,3340   8,9696   9,2840   9,4101   9,4412   9,4477   9,4542   15,000   9,461    2,527   
7,5000   0,0000   0,8017   0,6997   0,3840   1,9829   6,4727   8,0127   8,7943   9,2299   9,4188   9,4785   9,4819   9,4854   9,4888   15,000   9,492    1,339   
10,0000  0,8014   1,2941   1,1362   1,3100   5,2214   7,5190   8,5323   9,0739   9,3621   9,4784   9,4936   9,4951   9,4965   9,4980   15,000   9,499    0,585   
12,5000  1,3476   1,7204   1,8364   3,2650   6,8128   8,1812   8,8727   9,2537   9,4388   9,4981   9,4985   9,4989   9,4993   9,4996   15,000   9,500    0,087   
15,0000  1,8553   2,3279   2,9310   5,6973   7,7016   8,6241   9,1101   9,3784   9,4873   9,4998   9,4998   9,4999   9,4999   9,5000   15,000   9,500    0,000   
17,5000  2,4459   3,0993   4,3392   7,0509   8,2969   8,9381   9,2876   9,4598   9,5000   9,5000   9,5000   9,5000   9,5000   9,5000   15,000   9,500    0,000   
20,0000  3,0825   3,9912   5,9447   7,8599   8,7199   9,1748   9,4172   9,5000   9,5000   9,5000   9,5000   9,5000   9,5000   9,5000   15,000   9,500    0,000   
22,5000  3,7486   4,9801   7,1381   8,4192   9,0299   9,3504   9,4856   9,5000   9,5000   9,5000   9,5000   9,5000   9,5000   9,5000   15,000   9,500    0,000   
25,0000  4,4343   6,0157   7,9137   8,8147   9,2543   9,4590   9,5000   9,5000   9,5000   9,5000   9,5000   9,5000   9,5000   9,5000   15,000   9,500    0,000   
27,5000  5,1358   6,9549   8,4326   9,1017   9,4047   9,4996   9,5000   9,5000   9,5000   9,5000   9,5000   9,5000   9,5000   9,5000   15,000   9,500    0,000   
30,0000  5,8513   7,6934   8,8156   9,3055   9,4805   9,5000   9,5000   9,5000   9,5000   9,5000   9,5000   9,5000   9,5000   9,5000   15,000   9,500    0,000   
32,5000  6,5620   8,2384   9,1071   9,4319   9,5000   9,5000   9,5000   9,5000   9,5000   9,5000   9,5000   9,5000   9,5000   9,5000   15,000   9,500    0,000   
35,0000  7,2224   8,6448   9,3030   9,4885   9,5000   9,5000   9,5000   9,5000   9,5000   9,5000   9,5000   9,5000   9,5000   9,5000   15,000   9,500    0,000   
37,5000  7,7811   8,9409   9,4129   9,5000   9,5000   9,5000   9,5000   9,5000   9,5000   9,5000   9,5000   9,5000   9,5000   9,5000   15,000   9,500    0,000   
40,0000  8,2157   9,1399   9,4710   9,5000   9,5000   9,5000   9,5000   9,5000   9,5000   9,5000   9,5000   9,5000   9,5000   9,5000   15,000   9,500    0,000   
42,5000  8,5394   9,2747   9,5000   9,5000   9,5000   9,5000   9,5000   9,5000   9,5000   9,5000   9,5000   9,5000   9,5000   9,5000   15,000   9,500    0,000   
45,0000  8,7691   9,3670   9,5000   9,5000   9,5000   9,5000   9,5000   9,5000   9,5000   9,5000   9,5000   9,5000   9,5000   9,5000   15,000   9,500    0,000   
47,5000  8,9170   9,4255   9,5000   9,5000   9,5000   9,5000   9,5000   9,5000   9,5000   9,5000   9,5000   9,5000   9,5000   9,5000   15,000   9,500    0,000   
50,0000  9,0051   9,4597   9,5000   9,5000   9,5000   9,5000   9,5000   9,5000   9,5000   9,5000   9,5000   9,5000   9,5000   9,5000   15,000   9,500    0,000   
52,5000  9,0506   9,4745   9,5000   9,5000   9,5000   9,5000   9,5000   9,5000   9,5000   9,5000   9,5000   9,5000   9,5000   9,5000   15,000   9,500    0,000   
55,0000  9,0696   9,4793   9,5000   9,5000   9,5000   9,5000   9,5000   9,5000   9,5000   9,5000   9,5000   9,5000   9,5000   9,5000   15,000   9,500    0,000   
57,5000  9,0769   9,4810   9,5000   9,5000   9,5000   9,5000   9,5000   9,5000   9,5000   9,5000   9,5000   9,5000   9,5000   9,5000   15,000   9,500    0,000   
60,0000  9,0780   9,4813   9,5000   9,5000   9,5000   9,5000   9,5000   9,5000   9,5000   9,5000   9,5000   9,5000   9,5000   9,5000   15,000   9,500    0,000   
62,5000  9,0725   9,4787   9,5000   9,5000   9,5000   9,5000   9,5000   9,5000   9,5000   9,5000   9,5000   9,5000   9,5000   9,5000   15,000   9,500    0,000   
65,0000  9,0488   9,4670   9,5000   9,5000   9,5000   9,5000   9,5000   9,5000   9,5000   9,5000   9,5000   9,5000   9,5000   9,5000   15,000   9,500    0,000   
67,5000  8,9989   9,4394   9,5000   9,5000   9,5000   9,5000   9,5000   9,5000   9,5000   9,5000   9,5000   9,5000   9,5000   9,5000   15,000   9,500    0,000   
70,0000  8,9240   9,3942   9,5000   9,5000   9,5000   9,5000   9,5000   9,5000   9,5000   9,5000   9,5000   9,5000   9,5000   9,5000   15,000   9,500    0,000   
72,5000  8,8148   9,3233   9,4844   9,5000   9,5000   9,5000   9,5000   9,5000   9,5000   9,5000   9,5000   9,5000   9,5000   9,5000   15,000   9,500    0,000   
75,0000  8,6622   9,2169   9,4284   9,5000   9,5000   9,5000   9,5000   9,5000   9,5000   9,5000   9,5000   9,5000   9,5000   9,5000   15,000   9,500    0,000   
77,5000  8,4422   9,0531   9,3227   9,4613   9,5000   9,5000   9,5000   9,5000   9,5000   9,5000   9,5000   9,5000   9,5000   9,5000   15,000   9,500    0,000   
80,0000  8,1545   8,8250   9,1565   9,3478   9,4669   9,4991   9,4992   9,4993   9,4994   9,4994   9,4995   9,4996   9,4997   9,4998   15,000   9,500    0,000   
82,5000  7,7995   8,5297   8,9202   9,1700   9,3367   9,4547   9,4937   9,4944   9,4951   9,4957   9,4964   9,4971   9,4977   9,4984   15,000   9,499    0,000   
85,0000  7,3823   8,1683   8,6124   8,9200   9,1363   9,2991   9,4256   9,4799   9,4824   9,4848   9,4872   9,4897   9,4921   9,4945   15,000   9,497    0,000   
87,5000  6,9102   7,7473   8,2344   8,5942   8,8661   9,0713   9,2406   9,3815   9,4536   9,4603   9,4668   9,4734   9,4799   9,4863   15,000   9,493    0,000   
90,0000  6,3721   7,2571   7,7865   8,1931   8,5190   8,7752   8,9844   9,1693   9,3326   9,4104   9,4257   9,4408   9,4558   9,4706   15,000   9,485    0,000   
92,5000  5,8114   6,7172   7,2676   7,7125   8,0883   8,4021   8,6625   8,8934   9,1094   9,3135   9,3536   9,3838   9,4136   9,4431   15,000   9,472    0,000   
95,0000  5,2204   6,1335   6,7001   7,1660   7,5848   7,9551   8,2750   8,5598   8,8297   9,0990   9,2422   9,2946   9,3462   9,3971   15,000   9,447    0,000   
97,5000  4,6362   5,5252   6,1041   6,5595   7,0111   7,4328   7,8169   8,1659   8,4991   8,8375   9,0842   9,1662   9,2466   9,3256   15,000   9,403    0,000   
100,0000 4,0434   4,8788   5,4495   5,9018   6,3677   6,8338   7,2820   7,7051   8,1138   8,5315   8,8721   8,9910   9,1072   9,2212   15,000   9,333    0,000   
102,5000 3,4509   4,2442   4,7585   5,2034   5,6578   6,1562   6,6648   7,1673   7,6630   8,1705   8,5944   8,7581   8,9180   9,0728   15,000   9,223    0,000   
105,0000 2,8796   3,6099   4,0637   4,4616   4,8891   5,3988   5,9616   6,5422   7,1300   7,7303   8,2272   8,4418   8,6512   8,8562   15,000   9,057    0,000   
107,5000 2,3458   3,0185   3,3917   3,7178   4,0799   4,5713   5,1729   5,8272   6,5074   7,1951   7,7622   8,0405   8,3114   8,5757   15,000   8,834    0,000   
110,0000 1,8564   2,4777   2,7866   3,0079   3,2581   3,6968   4,3084   5,0242   5,7895   6,5672   7,2007   7,5507   7,8906   8,2215   15,000   8,544    0,003   
112,5000 1,4187   1,9953   2,2702   2,3820   2,4887   2,8080   3,3942   4,1460   4,9704   5,8204   6,5253   6,9551   7,3714   7,7759   15,000   8,169    0,091   
115,0000 1,0411   1,5816   1,8508   1,8845   1,8291   1,9364   2,4619   3,2114   4,0478   4,9121   5,6767   6,2119   6,7211   7,2066   15,000   7,677    0,233   
117,5000 0,7038   1,2382   1,5215   1,5407   1,3467   1,1508   1,5446   2,1906   2,9581   3,7782   4,6055   5,2330   5,8420   6,4368   15,000   7,008    0,451   
120,0000 0,1594   0,9049   1,2366   1,2969   1,0458   0,6285   0,6765   0,9801   1,5012   2,2609   3,1593   3,8883   4,6277   5,3137   15,000   5,982    0,985   
122,5000 0,0000   0,0000   0,8222   0,9880   0,8240   0,4126   0,0000   0,0000   0,0000   0,0000   0,2734   1,7736   2,6967   3,5662   15,000   4,380    2,066   
125,0000 0,0000   0,0000   0,0000   0,0000   0,0000   0,0000   0,0000   0,0000   0,0000   0,0000   0,0000   0,0000   0,0000   0,0000   15,000   1,608    14,445  
         120,045  122,386  123,718  124,311  124,396  123,258  120,968  120,690  121,048  121,764  122,507  123,231  123,954  124,678 
